994,3
994,2
994,1
994,0
993,5
993,4
993,3
993,2
993,1
993,0
992,5
992,4
992,3
992,2
992,1
992,0
991,4
991,3
991,2
991,1
991,0
990,3
990,2
990,1
990,0
989,4
989,3
989,2
989,1
989,0
988,3
988,2
988,1
988,0
987,3
987,2
987,1
987,0
986,5
986,4
986,3
986,2
986,1
986,0
985,4
985,3
985,2
985,1
985,0
984,3
984,2
984,1
984,0
983,5
983,4
983,3
983,2
983,1
983,0
982,4
982,3
982,2
982,1
982,0
981,3
981,2
981,1
981,0
980,4
980,3
980,2
980,1
980,0
979,3
979,2
979,1
979,0
978,3
978,2
978,1
978,0
977,6
977,5
977,4
977,3
977,2
977,1
977,0
976,5
976,4
976,3
976,2
976,1
976,0
975,4
975,3
975,2
975,1
975,0
974,3
974,2
974,1
974,0
973,3
973,2
973,1
973,0
972,5
972,4
972,3
972,2
972,1
972,0
971,5
971,4
971,3
971,2
971,1
971,0
970,4
970,3
970,2
970,1
970,0
969,3
969,2
969,1
969,0
968,4
968,3
968,2
968,1
968,0
967,3
967,2
967,1
967,0
966,3
966,2
966,1
966,0
965,5
965,4
965,3
965,2
965,1
965,0
964,4
964,3
964,2
964,1
964,0
963,3
963,2
963,1
963,0
962,5
962,4
962,3
962,2
962,1
962,0
961,4
961,3
961,2
961,1
961,0
960,3
960,2
960,1
960,0
959,4
959,3
959,2
959,1
959,0
958,3
958,2
958,1
958,0
957,3
957,2
957,1
957,0
956,6
956,5
956,4
956,3
956,2
956,1
956,0
955,5
955,4
955,3
955,2
955,1
955,0
954,4
954,3
954,2
954,1
954,0
953,3
953,2
953,1
953,0
952,3
952,2
952,1
952,0
951,5
951,4
951,3
951,2
951,1
951,0
950,5
950,4
950,3
950,2
950,1
950,0
949,4
949,3
949,2
949,1
949,0
948,3
948,2
948,1
948,0
947,4
947,3
947,2
947,1
947,0
946,3
946,2
946,1
946,0
945,3
945,2
945,1
945,0
944,5
944,4
944,3
944,2
944,1
944,0
943,4
943,3
943,2
943,1
943,0
942,3
942,2
942,1
942,0
941,5
941,4
941,3
941,2
941,1
941,0
940,4
940,3
940,2
940,1
940,0
939,3
939,2
939,1
939,0
938,4
938,3
938,2
938,1
938,0
937,3
937,2
937,1
937,0
936,3
936,2
936,1
936,0
935,6
935,5
935,4
935,3
935,2
935,1
935,0
934,5
934,4
934,3
934,2
934,1
934,0
933,4
933,3
933,2
933,1
933,0
932,3
932,2
932,1
932,0
931,3
931,2
931,1
931,0
930,5
930,4
930,3
930,2
930,1
930,0
929,5
929,4
929,3
929,2
929,1
929,0
928,4
928,3
928,2
928,1
928,0
927,3
927,2
927,1
927,0
926,4
926,3
926,2
926,1
926,0
925,3
925,2
925,1
925,0
924,3
924,2
924,1
924,0
923,5
923,4
923,3
923,2
923,1
923,0
922,4
922,3
922,2
922,1
922,0
921,3
921,2
921,1
921,0
920,5
920,4
920,3
920,2
920,1
920,0
919,4
919,3
919,2
919,1
919,0
918,3
918,2
918,1
918,0
917,4
917,3
917,2
917,1
917,0
916,3
916,2
916,1
916,0
915,3
915,2
915,1
915,0
914,6
914,5
914,4
914,3
914,2
914,1
914,0
913,5
913,4
913,3
913,2
913,1
913,0
912,4
912,3
912,2
912,1
912,0
911,3
911,2
911,1
911,0
910,5
910,4
910,3
910,2
910,1
910,0
909,5
909,4
909,3
909,2
909,1
909,0
908,4
908,3
908,2
908,1
908,0
907,3
907,2
907,1
907,0
906,4
906,3
906,2
906,1
906,0
905,3
905,2
905,1
905,0
904,3
904,2
904,1
904,0
903,5
903,4
903,3
903,2
903,1
903,0
902,4
902,3
902,2
902,1
902,0
901,3
901,2
901,1
901,0
900,5
900,4
900,3
900,2
900,1
900,0
899,4
899,3
899,2
899,1
899,0
898,3
898,2
898,1
898,0
897,4
897,3
897,2
897,1
897,0
896,3
896,2
896,1
896,0
895,3
895,2
895,1
895,0
894,6
894,5
894,4
894,3
894,2
894,1
894,0
893,5
893,4
893,3
893,2
893,1
893,0
892,4
892,3
892,2
892,1
892,0
891,3
891,2
891,1
891,0
0,310
0,305
0,308
0,307
0,302
0,304
0,303
0,12
0,10
0,8
0,0
0,428
0,523
0,300
0,483
0,569
0,299
0,424
0,298
0,423
0,429
0,297
0,421
0,405
0,296
0,521
0,418
0,295
0,568
0,482
0,294
0,571
0,417
0,293
0,557
0,416
0,292
0,491
0,415
0,291
0,519
0,481
0,290
0,403
0,414
0,289
0,422
0,413
0,288
0,489
0,412
0,287
0,564
0,411
0,286
0,480
0,318
0,285
0,479
0,404
0,284
0,498
0,478
0,283
0,406
0,538
0,282
0,477
0,560
0,281
0,511
0,402
0,280
0,401
0,386
0,279
0,399
0,441
0,278
0,512
0,396
0,277
0,515
0,476
0,276
0,350
0,395
0,275
0,517
0,394
0,274
0,559
0,393
0,273
0,514
0,475
0,272
0,474
0,496
0,271
0,473
0,548
0,270
0,472
0,510
0,269
0,389
0,563
0,268
0,471
0,267
0,327
0,385
0,266
0,384
0,443
0,265
0,382
0,380
0,264
0,513
0,379
0,263
0,336
0,470
0,262
0,535
0,378
0,261
0,549
0,377
0,260
0,566
0,376
0,259
0,522
0,469
0,258
0,545
0,375
0,257
0,508
0,374
0,256
0,507
0,373
0,255
0,383
0,372
0,254
0,528
0,371
0,253
0,558
0,370
0,252
0,555
0,369
0,251
0,518
0,368
0,250
0,381
0,468
0,249
0,551
0,367
0,248
0,467
0,342
0,247
0,466
0,561
0,246
0,398
0,364
0,245
0,465
0,244
0,547
0,464
0,242
0,365
0,363
0,241
0,426
0,362
0,240
2,1
889,0
0,408
889,3
889,1
0,437
889,5
0,494
1,0
0,532
0,546
0,553
1,1
889,4
0,556
2,2
2,5
2,7
3,1
3,3
870,1
870,3
871,0
871,2
871,3
872,0
872,1
872,3
872,5
873,0
873,2
873,3
873,5
874,0
874,1
874,3
875,0
875,2
876,0
876,1
876,3
876,4
879,1
879,2
879,4
882,0
882,1
882,3
882,4
883,0
883,2
883,3
885,1
885,2
885,4
888,0
888,2
888,4
888,5
890,0
890,1
890,3
890,4
890,2
889,2
888,3
888,1
885,3
885,0
883,1
882,5
882,2
879,5
879,3
879,0
876,2
875,3
875,1
874,2
873,6
873,4
873,1
872,4
872,2
871,4
871,1
870,2
870,0
3,0
2,4
0,575
0,554
1,3
0,526
0,495
0,440
0,435
0,431
0,341
2,6
0,335
0,328
2,3
0,322
0,243
2,0
0,9
0,504
0,361
0,239
0,397
0,360
0,238
0,400
0,359
0,237
0,388
0,358
0,236
0,425
0,357
0,235
0,493
0,356
0,234
0,420
0,355
0,233
0,387
0,354
0,232
0,433
0,353
0,231
0,542
0,352
0,230
0,552
0,463
0,229
0,567
0,351
0,228
0,462
0,524
0,227
0,461
0,349
0,226
0,536
0,348
0,225
0,346
0,460
0,224
0,501
0,459
0,223
0,550
0,347
0,222
0,458
0,499
0,221
0,457
0,509
0,220
0,573
0,344
0,219
0,529
0,456
0,218
0,497
0,455
0,217
0,500
0,343
0,216
0,454
0,544
0,215
0,453
0,410
0,214
0,430
0,340
0,213
0,419
0,452
0,212
0,543
0,451
0,211
0,339
0,210
0,439
0,338
0,209
0,520
0,337
0,208
0,450
0,565
0,207
0,449
0,331
0,206
0,392
0,334
0,205
0,533
0,448
0,204
0,539
0,333
0,203
0,447
0,506
0,202
0,446
0,574
0,201
0,330
0,200
0,492
0,445
0,199
0,527
0,444
0,198
0,490
0,329
0,197
0,488
0,540
0,196
0,487
0,537
0,195
0,541
0,326
0,194
0,516
0,442
0,193
0,319
0,486
0,192
0,531
0,325
0,63
0,345
0,324
0,62
0,502
0,323
0,61
0,432
0,321
0,60
0,485
0,407
0,59
0,391
0,320
0,58
0,438
0,427
0,57
0,484
0,534
0,56
0,570
0,317
0,55
0,436
0,366
0,54
0,434
0,505
0,53
0,572
0,316
0,52
0,503
0,315
0,51
0,525
0,314
0,50
0,530
0,313
0,49
0,332
0,312
0,48
0,390
0,311
0,47
0,562
0,309
0,46
0,409
0,306
0,45
0,301
0,6
0,5
0,1
0,11
0,4
0,2
0,3
0,7
